1 0.63828125 0.775 0.06484375 0.21328125
1 0.53046875 0.58515625 0.046875 0.15859375
1 0.5953125 0.5734375 0.0375 0.146875
1 0.56328125 0.490625 0.03203125 0.11015625
1 0.97109375 0.69453125 0.05703125 0.19140625
1 0.7984375 0.5421875 0.03671875 0.13203125
0 0.2296875 0.484375 0.0765625 0.134375
1 0.15 0.46796875 0.0390625 0.1140625
1 0.52890625 0.40234375 0.03203125 0.1046875
1 0.325 0.36953125 0.03125 0.090625
1 0.73203125 0.471875 0.0375 0.1109375
1 0.85625 0.5203125 0.02890625 0.121875
0 0.63984375 0.3640625 0.0484375 0.090625