0 0.81015625 0.85625 0.34765625 0.2703125
0 0.5171875 0.84921875 0.0921875 0.08359375
0 0.47578125 0.91484375 0.1765625 0.10546875
1 0.53515625 0.96328125 0.11015625 0.0734375
1 0.29375 0.940625 0.04765625 0.11328125
1 0.36484375 0.95234375 0.04140625 0.09453125
1 0.03203125 0.8828125 0.04765625 0.15546875
0 0.17421875 0.8734375 0.14921875 0.09296875
0 0.08828125 0.8390625 0.06171875 0.0671875
0 0.3328125 0.86640625 0.115625 0.08359375
0 0.253125 0.80390625 0.07109375 0.06953125
0 0.1328125 0.78046875 0.05859375 0.06484375
0 0.1859375 0.790625 0.03828125 0.05234375