1 0.87421875 0.90625 0.0671875 0.1828125
1 0.22265625 0.72578125 0.03828125 0.11484375
1 0.26796875 0.92734375 0.04765625 0.14375
2 0.3546875 0.828125 0.14375 0.34375
1 0.55390625 0.8328125 0.03515625 0.15
1 0.56484375 0.63828125 0.034375 0.1125
1 0.24453125 0.6921875 0.028125 0.103125
0 0.51640625 0.7140625 0.07734375 0.14921875
0 0.4296875 0.66640625 0.065625 0.1234375
1 0.5890625 0.56796875 0.0203125 0.08125
0 0.51171875 0.48046875 0.05234375 0.090625
0 0.56640625 0.46015625 0.05703125 0.07578125
0 0.34921875 0.5546875 0.046875 0.11328125
0 0.67734375 0.584375 0.084375 0.109375
0 0.634375 0.44609375 0.05 0.08515625