0 0.38125 0.909375 0.11953125 0.159375
0 0.45390625 0.76015625 0.08125 0.11875
0 0.228125 0.9 0.1421875 0.19609375
0 0.44140625 0.646875 0.0640625 0.08203125
0 0.31796875 0.7875 0.0984375 0.13203125
0 0.25078125 0.6578125 0.07890625 0.1
0 0.12421875 0.73984375 0.1 0.11171875
0 0.090625 0.88984375 0.159375 0.1703125
0 0.4953125 0.5859375 0.0703125 0.0921875
0 0.34296875 0.6484375 0.08515625 0.1125
0 0.06171875 0.6234375 0.0828125 0.0765625
0 0.16953125 0.5796875 0.06328125 0.0671875
0 0.58046875 0.53359375 0.0390625 0.06015625
0 0.30546875 0.603125 0.05078125 0.07421875
0 0.34296875 0.5640625 0.04375 0.0609375
0 0.425 0.55 0.096875 0.12109375
0 0.234375 0.56875 0.06015625 0.0625
0 0.1125 0.56171875 0.06796875 0.053125