0 0.52578125 0.796875 0.07109375 0.21640625
0 0.40390625 0.815625 0.10390625 0.23046875
1 0.48046875 0.75625 0.03671875 0.1359375
1 0.7625 0.91328125 0.04765625 0.16328125
0 0.3890625 0.63203125 0.07578125 0.14453125
0 0.6421875 0.88359375 0.096875 0.2328125
1 0.69921875 0.853125 0.05078125 0.17421875
0 0.3171875 0.7828125 0.1046875 0.1765625
1 0.58046875 0.73046875 0.0234375 0.13203125
1 0.603125 0.73828125 0.0265625 0.06875
1 0.66328125 0.6984375 0.02265625 0.07890625
1 0.66484375 0.7671875 0.025 0.12109375
1 0.55234375 0.6890625 0.02265625 0.08984375
1 0.52265625 0.60625 0.01796875 0.06953125
0 0.6125 0.66328125 0.0546875 0.14296875
0 0.4609375 0.6484375 0.053125 0.12421875
1 0.65078125 0.6421875 0.0234375 0.08046875
1 0.62890625 0.60546875 0.02109375 0.07109375
0 0.58046875 0.4546875 0.028125 0.06484375
0 0.5359375 0.48125 0.03046875 0.0703125
0 0.48671875 0.43984375 0.03203125 0.065625