0 0.5703125 0.52421875 0.159375 0.28203125
1 0.6921875 0.83515625 0.0796875 0.2625
1 0.8140625 0.7875 0.07421875 0.25078125
1 0.70703125 0.5546875 0.05078125 0.196875
1 0.609375 0.90390625 0.08515625 0.19140625
0 0.71484375 0.2796875 0.10625 0.140625
0 0.39921875 0.71015625 0.19296875 0.27265625
1 0.44140625 0.884375 0.06015625 0.21484375
1 0.55625 0.878125 0.059375 0.234375
1 0.584375 0.7140625 0.06171875 0.1890625
0 0.83671875 0.55546875 0.1265625 0.275
0 0.7625 0.43515625 0.1171875 0.18125
1 0.91796875 0.46796875 0.0515625 0.159375
1 0.87890625 0.36328125 0.04375 0.09921875
1 0.4578125 0.1640625 0.05 0.096875