0 0.21484375 0.93203125 0.0828125 0.13515625
0 0.0921875 0.95703125 0.07890625 0.08515625
0 0.17734375 0.84921875 0.04921875 0.07109375
0 0.26015625 0.8609375 0.06015625 0.07890625
0 0.22109375 0.80234375 0.04609375 0.06484375
1 0.76953125 0.8515625 0.025 0.0515625
1 0.9328125 0.93515625 0.034375 0.06328125
0 0.896875 0.953125 0.08203125 0.09375
0 0.3546875 0.8015625 0.0515625 0.071875
0 0.18125 0.75703125 0.0453125 0.0546875
0 0.2578125 0.76484375 0.04375 0.05546875
0 0.30625 0.7578125 0.04375 0.08984375
0 0.0765625 0.7078125 0.0421875 0.04375
0 0.02578125 0.69609375 0.04375 0.046875
0 0.57890625 0.69375 0.04609375 0.0609375
0 0.228125 0.7046875 0.0453125 0.06328125
0 0.34765625 0.64609375 0.028125 0.0453125
0 0.25546875 0.68359375 0.0359375 0.04609375
0 0.28671875 0.65234375 0.0296875 0.034375
1 0.75625 0.82734375 0.01875 0.0484375
1 0.725 0.80390625 0.01875 0.05