0 0.50546875 0.8859375 0.11953125 0.20546875
0 0.359375 0.78203125 0.1109375 0.171875
0 0.7453125 0.72578125 0.109375 0.13984375
0 0.540625 0.64921875 0.09765625 0.17109375
0 0.4328125 0.515625 0.0546875 0.103125
0 0.6328125 0.51171875 0.05703125 0.14609375
0 0.4703125 0.41015625 0.0375 0.075
0 0.50234375 0.54921875 0.05390625 0.09375
1 0.92109375 0.66796875 0.03359375 0.1015625
1 0.98359375 0.7046875 0.0328125 0.12421875
1 0.85546875 0.57109375 0.03125 0.084375
1 0.8921875 0.6015625 0.02890625 0.08125
1 0.93515625 0.53984375 0.028125 0.07890625
1 0.9625 0.65078125 0.03359375 0.09453125
0 0.07421875 0.53125 0.07421875 0.08203125
0 0.20703125 0.46953125 0.05234375 0.07109375
0 0.2609375 0.421875 0.04375 0.06953125
0 0.03828125 0.63671875 0.07578125 0.11328125
1 0.81015625 0.51015625 0.021875 0.07578125
1 0.96640625 0.53125 0.02890625 0.0703125
1 0.90546875 0.46875 0.02421875 0.0609375
0 0.85703125 0.4765625 0.05234375 0.059375
0 0.8640625 0.5359375 0.07421875 0.0875
0 0.76640625 0.45546875 0.05234375 0.06328125
0 0.225 0.415625 0.03515625 0.0453125
0 0.31640625 0.39453125 0.040625 0.0515625
0 0.540625 0.38359375 0.0421875 0.05625
0 0.59375 0.384375 0.034375 0.04765625