1 0.7515625 0.1515625 0.04140625 0.14453125
1 0.78125 0.24296875 0.0375 0.14140625
1 0.8125 0.29765625 0.040625 0.15
1 0.87890625 0.378125 0.03828125 0.14921875
0 0.42109375 0.56015625 0.13203125 0.25234375
0 0.475 0.70234375 0.15078125 0.2765625
0 0.65703125 0.6546875 0.15625 0.20859375
1 0.86171875 0.271875 0.02890625 0.13671875
1 0.89609375 0.303125 0.040625 0.13984375
0 0.55 0.39453125 0.09609375 0.18671875
0 0.6953125 0.36875 0.1046875 0.15859375
0 0.3859375 0.4640625 0.10703125 0.2265625
0 0.40703125 0.340625 0.121875 0.18046875
0 0.8390625 0.5921875 0.146875 0.2890625