1 0.8 0.9 0.06484375 0.196875
1 0.8625 0.83125 0.05625 0.18203125
0 0.51328125 0.9078125 0.1140625 0.18359375
1 0.38359375 0.9171875 0.0421875 0.165625
1 0.3125 0.9375 0.046875 0.12421875
1 0.2609375 0.94375 0.040625 0.1125
1 0.43203125 0.89296875 0.03515625 0.1703125
0 0.515625 0.7171875 0.0765625 0.1453125
0 0.37421875 0.7453125 0.09609375 0.14765625
1 0.29921875 0.8359375 0.0328125 0.15234375
1 0.31796875 0.646875 0.02578125 0.11171875
1 0.353125 0.61953125 0.025 0.1015625
1 0.45078125 0.7359375 0.03203125 0.115625
0 0.59765625 0.49609375 0.05546875 0.10859375
1 0.40234375 0.60703125 0.03046875 0.10390625
1 0.2078125 0.93046875 0.046875 0.1390625
1 0.22890625 0.87421875 0.0375 0.140625
1 0.25546875 0.8171875 0.03984375 0.13125
1 0.30546875 0.75 0.03359375 0.103125
1 0.28203125 0.7296875 0.02734375 0.1265625
1 0.32734375 0.5875 0.02265625 0.0890625
1 0.48671875 0.62734375 0.02421875 0.1046875
1 0.4375 0.59609375 0.02109375 0.08828125
1 0.465625 0.5890625 0.0234375 0.09453125
1 0.63515625 0.46875 0.025 0.0734375
1 0.6234375 0.4046875 0.0203125 0.05078125
1 0.58984375 0.403125 0.0171875 0.05625
0 0.50625 0.57421875 0.059375 0.08984375
0 0.40859375 0.54375 0.05625 0.09140625