1 0.67890625 0.45546875 0.0625 0.2046875
0 0.840625 0.659375 0.18984375 0.4078125
1 0.85078125 0.34921875 0.04765625 0.190625
1 0.31328125 0.59375 0.09921875 0.16015625
1 0.25390625 0.140625 0.06484375 0.109375
1 0.59921875 0.1 0.08046875 0.13359375
1 0.96953125 0.165625 0.06015625 0.19765625
1 0.8984375 0.22421875 0.053125 0.1703125
1 0.76328125 0.06171875 0.0953125 0.1234375
0 0.3765625 0.0953125 0.14375 0.12734375
1 0.39140625 0.5046875 0.07109375 0.20078125
1 0.3328125 0.3703125 0.09453125 0.153125
1 0.09765625 0.584375 0.075 0.184375
0 0.7484375 0.32734375 0.14140625 0.2546875