1 0.39453125 0.84140625 0.0421875 0.11328125
1 0.315625 0.7578125 0.04296875 0.10390625
1 0.51796875 0.740625 0.03125 0.0953125
1 0.41640625 0.7140625 0.0265625 0.08046875
0 0.4671875 0.7609375 0.065625 0.125
0 0.56328125 0.73515625 0.06953125 0.10703125
0 0.36171875 0.71796875 0.05703125 0.10234375
1 0.28828125 0.65078125 0.0265625 0.06953125
1 0.3328125 0.678125 0.021875 0.059375
1 0.434375 0.659375 0.02265625 0.06328125
0 0.65859375 0.765625 0.08984375 0.115625
0 0.534375 0.6625 0.04921875 0.065625
0 0.6125 0.67421875 0.0625 0.07265625
0 0.475 0.6390625 0.0421875 0.065625
1 0.32890625 0.63984375 0.0171875 0.05625
0 0.20078125 0.7984375 0.08671875 0.1453125
0 0.5828125 0.878125 0.10390625 0.1671875
1 0.30234375 0.62265625 0.01953125 0.05
1 0.3265625 0.58984375 0.02109375 0.0453125
1 0.36328125 0.61015625 0.015625 0.05078125
1 0.4984375 0.6046875 0.0140625 0.05234375
0 0.46953125 0.4796875 0.01875 0.01640625
0 0.4515625 0.46640625 0.01171875 0.01796875
0 0.4109375 0.50859375 0.04609375 0.02421875
1 0.36953125 0.50859375 0.02109375 0.025
1 0.48203125 0.51171875 0.01953125 0.025
0 0.49296875 0.45546875 0.00859375 0.0125
0 0.2984375 0.90625 0.12890625 0.18671875
0 0.584375 0.61484375 0.0484375 0.0546875
1 0.52265625 0.5484375 0.01171875 0.03359375
0 0.384375 0.48359375 0.02734375 0.021875