0 0.3296875 0.83984375 0.14453125 0.215625
0 0.475 0.62890625 0.11171875 0.21328125
1 0.4109375 0.64140625 0.05234375 0.12734375
1 0.5359375 0.60390625 0.040625 0.1234375
1 0.58203125 0.8171875 0.04140625 0.13984375
1 0.5203125 0.8796875 0.040625 0.13125
1 0.6234375 0.82734375 0.03359375 0.14375
1 0.61484375 0.68515625 0.040625 0.0984375
1 0.66328125 0.67109375 0.0375 0.10234375
1 0.640625 0.74375 0.03671875 0.11796875
1 0.5953125 0.665625 0.0328125 0.10859375
1 0.50703125 0.49296875 0.0296875 0.07265625
1 0.53046875 0.45625 0.01875 0.0859375
1 0.55 0.46171875 0.02265625 0.0828125