1 0.50546875 0.62578125 0.040625 0.11640625
1 0.6015625 0.8390625 0.05546875 0.13125
1 0.6796875 0.86328125 0.06171875 0.10703125
1 0.6828125 0.94296875 0.05859375 0.1140625
1 0.33203125 0.66484375 0.046875 0.11640625
1 0.31328125 0.5921875 0.0296875 0.09453125
1 0.371875 0.44609375 0.0359375 0.084375
1 0.36015625 0.39296875 0.02421875 0.06953125
1 0.39765625 0.37734375 0.03046875 0.07734375
1 0.515625 0.47578125 0.02890625 0.065625
0 0.52421875 0.55234375 0.090625 0.1234375
0 0.49921875 0.409375 0.08125 0.11875
0 0.425 0.33984375 0.0734375 0.0875
0 0.78984375 0.92421875 0.134375 0.1515625
0 0.328125 0.4734375 0.0625 0.11796875
0 0.3375 0.31171875 0.05546875 0.07578125
1 0.26015625 0.29765625 0.02734375 0.0703125