1 0.47578125 0.80546875 0.04921875 0.23828125
1 0.265625 0.7265625 0.03984375 0.2140625
1 0.28515625 0.5390625 0.04296875 0.18359375
0 0.61015625 0.82421875 0.12109375 0.2484375
0 0.5265625 0.68046875 0.128125 0.19921875
0 0.48828125 0.44140625 0.09609375 0.20859375
1 0.328125 0.42421875 0.04296875 0.1421875
1 0.94765625 0.721875 0.04609375 0.1875
1 0.88515625 0.70390625 0.0546875 0.20234375
1 0.83203125 0.65859375 0.06796875 0.184375
1 0.7203125 0.46953125 0.05703125 0.20078125
1 0.9546875 0.51015625 0.04765625 0.159375