0 0.12890625 0.7609375 0.15234375 0.196875
0 0.8203125 0.784375 0.196875 0.1890625
1 0.54375 0.68125 0.0640625 0.1046875
1 0.66875 0.778125 0.084375 0.16015625
0 0.159375 0.625 0.13984375 0.14921875
0 0.29609375 0.62421875 0.10078125 0.13359375
0 0.3296875 0.53828125 0.08359375 0.1125
0 0.409375 0.740625 0.10078125 0.16484375
0 0.57265625 0.5328125 0.10703125 0.10234375
0 0.69375 0.61875 0.08359375 0.14609375
1 0.5 0.39140625 0.0296875 0.07109375
1 0.2296875 0.80078125 0.05625 0.13984375
1 0.30234375 0.8796875 0.0578125 0.17265625
1 0.76953125 0.6390625 0.0375 0.1140625
1 0.75078125 0.509375 0.02890625 0.08984375
1 0.64296875 0.5328125 0.0421875 0.103125
1 0.38203125 0.46953125 0.03359375 0.08203125
0 0.209375 0.5265625 0.1 0.11796875
0 0.47578125 0.63046875 0.21796875 0.1328125