1 0.71171875 0.87734375 0.1046875 0.2453125
1 0.47109375 0.73203125 0.07890625 0.228125
1 0.34375 0.91484375 0.0875 0.1703125
1 0.25390625 0.79296875 0.08828125 0.26953125
0 0.10859375 0.8265625 0.2171875 0.34375
0 0.64921875 0.646875 0.18359375 0.2703125
1 0.39453125 0.50546875 0.05703125 0.20234375
1 0.35546875 0.4578125 0.04375 0.17734375
1 0.4453125 0.37578125 0.0578125 0.17734375
1 0.79921875 0.41015625 0.0625 0.19140625
0 0.17265625 0.60390625 0.20390625 0.2078125
1 0.39296875 0.31015625 0.04375 0.17265625
1 0.72734375 0.45390625 0.06875 0.20703125
1 0.51875 0.33125 0.0453125 0.146875
1 0.6796875 0.396875 0.04375 0.16796875
1 0.65078125 0.3046875 0.04140625 0.15078125
1 0.58203125 0.2796875 0.04375 0.14375
0 0.5328125 0.5328125 0.159375 0.2671875
1 0.4671875 0.23125 0.04140625 0.13828125
1 0.6953125 0.26015625 0.0578125 0.13515625
1 0.33984375 0.246875 0.0484375 0.14375
1 0.515625 0.18203125 0.0421875 0.1296875