1 0.37109375 0.92578125 0.06796875 0.1484375
1 0.71015625 0.8515625 0.06328125 0.178125
1 0.74609375 0.80625 0.053125 0.1484375
1 0.3734375 0.73359375 0.04609375 0.1453125
0 0.57109375 0.76796875 0.0984375 0.190625
1 0.68671875 0.7046875 0.0375 0.13359375
1 0.53125 0.646875 0.03203125 0.11640625
1 0.4578125 0.58125 0.03203125 0.1171875
0 0.39296875 0.6515625 0.09140625 0.1640625
0 0.64609375 0.58203125 0.0796875 0.128125
1 0.4828125 0.51796875 0.03125 0.09765625
1 0.56484375 0.49140625 0.0375 0.09609375
1 0.6890625 0.55546875 0.0390625 0.10234375
0 0.4171875 0.5359375 0.07578125 0.121875
0 0.63828125 0.440625 0.0640625 0.10703125
1 0.54609375 0.39765625 0.03359375 0.08046875
1 0.590625 0.4 0.028125 0.08046875
1 0.49296875 0.4359375 0.028125 0.0859375
0 0.44140625 0.478125 0.0703125 0.12109375
0 0.334375 0.24609375 0.0484375 0.0703125
0 0.57265625 0.27578125 0.06015625 0.0734375
1 0.503125 0.34765625 0.021875 0.065625