0 0.6078125 0.73671875 0.05859375 0.09921875
0 0.5015625 0.76796875 0.06328125 0.121875
0 0.43671875 0.6671875 0.04609375 0.0734375
0 0.4984375 0.690625 0.05078125 0.08828125
1 0.9046875 0.896875 0.02890625 0.103125
0 0.10859375 0.690625 0.07578125 0.08828125
0 0.21640625 0.65859375 0.06015625 0.08125
0 0.30078125 0.659375 0.0453125 0.07734375
0 0.521875 0.6171875 0.040625 0.08203125
0 0.471875 0.5609375 0.03828125 0.059375
0 0.571875 0.54921875 0.0359375 0.07109375
0 0.34140625 0.59921875 0.04296875 0.06015625
0 0.33359375 0.565625 0.03515625 0.05703125
0 0.33203125 0.51875 0.03515625 0.04921875
0 0.17578125 0.540625 0.03515625 0.03984375
1 0.0921875 0.57421875 0.0171875 0.04375
1 0.821875 0.6359375 0.0203125 0.05390625
0 0.52265625 0.515625 0.0265625 0.05
0 0.48828125 0.5171875 0.0234375 0.040625